1710
1051
569
2305
1109
1872
1509
445
2270
417
2436
674
2327
1359
510
1681
2799
2026
1031
1572
2920
439
421
2645
1192
1149
2800
1450
339
1037
1192
1735
833
282
2530
1632
1704
2852
194
146
2360
646
2853
2851
261
2671
1906
1816
611
2415
1447
2624
1462
348
839
2017
2216
743
2866
516
1809
1861
2817
2910
2417
2220
1605
2435
639
1345
2554
2118
1539
2410
884
959
1894
2467
2234
1629
2751
445
1140
376
2520
2791
1181
2843
1744
969
395
2585
2244
1773
142
174
1470
515
1131
950
74
1641
1251
1769
700
56
2869
1299
626
2311
2457
2649
326
1016
2184
2049
1020
1900
1133
945
2733
1634
396
2820
160
2123
447
355
2078
48
1168
1823
2426
1369
90
561
1610
1164
1992
2390
924
2584
1224
1942
904
7
290
2480
2041
1366
2153
637
1041
2542
308
54
299
1545
2470
264
376
1705
719
677
2030
1032
683
1318
343
1312
316
294
2355
227
2211
933
2521
478
2212
1097
244
1234
354
2219
520
1692
2150
185
2985
551
2203
1683
1298
641
642
2552
2098
2539
1189
2967
883
1362
2199
2337
1825
242
1043
2789
22
1188
1435
2814
1861
1524
2019
160
1274
1345
1653
1448
2639
2541
2565
575
1595
2365
648
382
755
521
1210
473
2553
962
350
2174
173
1172
1114
934
158
591
2460
2761
1055
728
1979
550
2123
1214
1938
2767
1374
2163
1291
736
625
419
353
1704
2718
2358
1826
807
1784
2259
1578
2083
2102
2108
692
436
2810
698
1604
836
1837
1070
2974
1585
2894
2883
1530
1400
1758
2571
1232
1503
1596
658
1644
45
2532
40
1187
2082
1612
2379
1761
1198
1035
789
1694
2633
1387
2937
1555
2732
1069
1577
1236
1608
1857
2584
925
2012
1408
785
811
190
1392
1114
2391
2304
857
1272
2012
2852
562
1397
1567
1139
2319
2469
2799
382
1085
516
282
477
957
738
1929
2492
396
318
2370
1095
817
1421
1603
170
1213
2757
2424
293
2201
411
1415
2822
372
490
2104
1583
1000
459
642
1338
517
1812
1871
181
2405
1628
2050
1037
2473
2453
2956
471
1198
645
1175
162
1215
2844
1201
2325
2633
1241
1104
2828
882
760
198
1233
240
2385
2886
1841
45
1701
1013
685
2606
2085
722
2187
2262
70
1585
197
1425
2734
2537
2036
1301
452
2804
2250
1653
42
611
2230
1047
1936
1375
1435
1244
757
472
1711
491
1226
2473
1252
1748
1112
2353
2962
1881
1335
1710
83
2826
1205
1075
1243
1102
1199
2910
2193
875
1621
666
518
2828
1580
1397
543
822
1793
2062
2843
2591
1683
1684
1983
361
937
2182
153
352
1832
773
1086
1607
501
1334
2820
2756
602
1637
2743
1264
1815
362
216
2142
2644
165
1170
2132
2439
2241
1576
898
791
1907
801
2247
216
1233
1207
2064
2049
2417
2074
1468
1540
878
2193
1924
2640
2944
1297
2722
2415
1815
224
2282
1397
2525
2361
1973
1803
2904
874
2431
703
637
2753
2231
2500
2243
278
1052
2541
1102
2469
1153
984
1341
558
1732
357
1424
1469
1526
1579
1387
1236
2928
1371
2190
2182
2207
866
3
569
2527
1689
227
631
842
1898
1807
1771
2609
2110
1152
1327
1308
1504
330
2711
306
141
2969
2397
167
2714
2341
884
2263
2901
2708
764
1097
1829
1768
2829
619
2366
1687
2527
478
2534
215
2162
766
495
2718
2288
2152
465
633
1972
1223
2051
514
2828
577
2899
465
2720
460
1908
2648
1408
1173
1031
1690
2213
2349
592
644
498
2895
2668
806
2022
2820
199
2058
843
1577
2134
275
511
1436
2623
782
1695
1453
2621
1730
806
2152
1014
357
136
542
2862
1701
2788
1577
42
2849
657
1772
611
2820
1550
1958
823
1277
1833
1534
2666
767
2837
1952
1043
629
230
1566
2097
2846
1447
1379
2872
543
2791
911
1829
521
1646
107
1721
1580
1254
432
1845
188
19
101
2589
2903
1790
1607
2313
2205
890
1801
262
1335
2866
1877
2493
2437
2523
648
2771
1231
747
990
2744
2899
2831
2358
2228
1264
2697
102
1325
1360
2374
2508
1150
2973
624
2639
1711
2080
2212
1867
1934
1267
79
2328
1328
2317
2717
2242
883
2141
2936
612
1287
1798
1384
2209
2730
691
1940
2040
2130
872
975
2932
1812
2501
2515
901
679
1952
649
2788
2137
1416
1036
982
2300
1935
488
791
365
154
1246
286
1999
351
2907
1285
144
1085
2382
2955
1513
1792
2627
1961
869
509
960
435
1572
2651
897
2296
143
1138
874
2838
771
1122
2807
1945
1100
2486
2834
1585
695
587
192
2281
2623
1492
1783
2191
2189
313
1434
2679
1706
1903
510
1987
1199
277
1991
2869
1451
1650
79
2221
780
2012
2091
2237
1706
1352
389
2624
2730
683
1605
550
69
481
2757
80
201
43
140
2967
2602
1803
2363
589
2121
1979
2690
1350
1209
1136
1217
2739
142
355
2287
859
715
1476
135
538
917
2064
2051
330
2728
2288
2326
643
487
978
1639
2196
1295
69
2810
1570
2988
1580
1294
2814
201
1326
392
576
2479
1621
2371
1428
2146
1669
1559
347
943
1538
63
2226
29
319
2129
2819
2330
872
1138
1028
2672
47
2327
2305
1542
1273
1636
1055
1578
2499
1069
766
2627
1071
1281
2036
2404
1537
2029
296
1497
526
2648
2977
753
1294
502
1151
2966
2360
1979
782
1915
2034
2624
532
1731
404
1859
1850
1497
1484
2330
1736
219
1323
1941
196
1531
2162
290
1048
538
1444
710
1952
2800
1143
276
1664
376
1399
2626
501
2714
2497
2684
1587
1180
1388
667
2606
577
2457
1546
2425
59
1305
863
1784
2668
1893
2594
1058
2881
880
1604
2818
681
2250
2681
2006
2603
2307
1148
1694
1948
2313
2007
2770
779
353
835
309
1133
1421
2019
90
2005
2224
1570
2493
906
237
875
2746
2014
2228
139
1453
2928
2230
1435
2848
46
2815
682
1257
767
274
1434
1003
103
384
359
1756
351
77
1326
442
246
1336
2292
496
1494
2862
529
1313
665
1099
1945
2573
2498
2507
715
2251
421
2891
625
189
1924
1453
2170
2507
1535
2447
1168
472
1885
96
526
2762
510
2211
2539
2248
59
2392
2037
2723
2953
2914
1001
2837
1583
253
1534
1879
46
881
643
2242
1204
1651
83
2803
36
1257
2
1993
1867
1351
2356
2117
2174
1669
2490
1258
2613
567
608
2780
1681
1265
349
2480
2467
844
1246
600
1902
2647
2747
1188
398
292
2404
2108
337
2775
30
123
2166
498
1875
1510
77
2038
599
2076
1555
2311
2329
500
2000
2045
1614
2675
549
250
979
2921
2685
1792
1660
571
2736
1411
505
933
891
1286
2159
1898
2817
2001
342
1220
124
445
256
996
1004
2968
2371
1703
499
1821
2414
349
1127
301
435
689
840
1824
1499
2819
1084
1243
375
187
1004
2469
145
539
2117
1957
2363
32
2000
1651
899
2107
597
410
2836
937
314
1733
2115
505
1284
1485
2032
1415
793
2522
1850
1189
2082
1165
2126
1076
2442
39
2699
1165
596
1312
436
1017
2028
1222
2598
640
1423
483
599
408
1077
352
995
2166
2771
193
1350
549
2852
1417
277
2513
2286
1051
1892
2446
2800
1917
254
1021
1711
713
136
2545
1781
5
1790
1662
1329
2144
2783
2468
2460
2828
2990
941
1819
2509
2803
553
67
951
2708
1399
2529
860
2941
2693
115
798
2511
1291
2298
1086
2691
197
492
1472
1198
600
1759
1170
1112
810
2702
1394
2854
2996
2884
1853
788
2354
1547
1275
649
2707
770
817
289
1049
1772
588
1054
1142
1277
151
2952
220
2216
2424
2425
2113
2379
391
1087
1528
2944
2001
13
912
2440
1758
2129
1751
242
2780
2349
2019
2159
121
662
2914
698
1189
1330
1276
2535
2437
2833
2222
2015
447
1435
1844
2649
1433
2970
2109
1434
1832
2317
501
945
2681
574
753
1603
452
1490
2375
2642
1489
1291
1257
2810
860
2106
2783
1987
1216
1658
814
2616
735
2897
2470
2121
1033
701
290
1136
61
164
1034
202
761
1947
2323
2178
1908
4
831
380
1675
714
730
38
1045
1768
506
1471
954
2339
2752
2323
1535
1052
1278
2570
2057
2352
2857
1905
2559
1313
117
2251
917
469
1529
2965
2996
367
2109
119
381
2300
1598
2185
2292
1509
2584
2414
1792
1517
1238
159
1373
1861
1447
195
1016
1609
1120
782
712
417
882
2292
2709
263
2814
2354
1563
2238
1528
1423
778
2467
797
1660
1772
2706
1613
1967
1239
1887
1379
506
266
379
2976
839
1947
2036
1042
2257
1381
1292
1290
2038
539
384
2959
1234
1442
1941
2629
156
2470
52
2937
1107
1477
2954
2184
2631
2387
2309
1746
909
2417
1529
901
1097
74
2077
1871
1715
2373
2331
2155
328
1625
2084
1581
2689
2356
2115
2310
2781
376
2017
1652
560
8
584
2676
1046
1029
929
2906
210
1410
1392
2352
2500
2072
5
124
1266
1232
584
2751
1335
1301
2375
440
2676
1751
1966
1652
1476
1638
353
1442
1772
697
2254
1473
156
1891
1499
2952
1134
2904
257
931
598
1822
1447
1725
692
1429
1347
1914
2345
92
2766
454
2129
2313
2980
1914
2670
2740
2696
1548
1909
2606
1947
1929
2489
1943
228
1107
910
1242
542
1715
2168
1411
959
1967
1722
1222
880
840
1944
367
2709
1827
512
2481
1070
2730
2275
2472
587
1628
705
633
2422
1856
2967
2648
1963
2809
1410
956
2753
224
1964
2449
1477
1510
1014
205
1107
1136
482
2216
801
2934
2493
1268
1241
132
1448
1943
643
700
695
1849
464
2591
88
1466
1529
1098
1845
669
1678
2123
1366
2923
62
1847
700
2121
1503
2810
488
2382
2946
2319
73
1985
2794
2848
651
1071
2005
233
1839
632
1354
1532
284
297
421
601
1979
1768
2335
246
1752
1782
2158
1339
2164
2538
1611
1569
2165
2488
138
1050
2970
1853
1061
1632
1049
2773
2460
1036
2463
1286
2621
2301
2335
946
2939
2654
1671
300
489
2954
928
1998
198
1597
1324
847
1567
2827
256
2482
157
589
131
2386
2039
2415
2042
1105
794
1469
773
1921
818
1677
2687
2699
366
2122
1757
824
402
1793
1000
8
147
844
684
1189
26
249
1
1614
115
1543
57
2688
1646
849
480
755
634
408
40
396
422
2450
1642
150
2919
253
1250
590
1924
1090
1478
2043
922
459
2592
1334
682
2595
1982
1751
740
1471
2953
88
313
1774
670
533
284
806
2878
1604
43
1807
983
2749
234
284
1720
2207
2736
795
822
2830
1440
248
2671
2803
2412
747
585
2522
2632
2746
146
523
2486
1612
287
981
284
548
190
209
2638
2291
880
578
177
2137
1098
1059
2434
1174
1924
724
795
202
2938
2048
678
2451
1302
2676
837
2526
484
433
2040
2098
1023
1578
686
136
1819
1972
742
1107
231
1271
2186
2808
2951
2436
1806
2963
1678
1858
825
161
740
1464
436
1416
2770
2273
1109
729
2252
2221
2560
1943
2030
874
1557
1021
1311
1825
180
2363
1051
2929
2157
1849
2492
1412
239
1811
2846
351
27
1187
204
2703
753
539
101
505
68
345
1798
181
57
1291
266
1765
1684
1884
218
524
1849
1475
588
1985
714
2493
927
740
1047
793
2240
1209
2593
2741
2317
1098
1540
1608
1326
692
2758
1226
1510
157
21
2828
649
447
509
2322
226
1359
2209
2569
1258
1330
1711
1088
776
2609
784
2031
2083
206
67
147
2878
874
1926
1122
1053
2448
1804
2447
1008
2609
787
437
2747
280
2850
609
2392
73
1450
2933
353
1304
168
770
774
2406
2205
130
1219
1700
2017
2752
861
2527
1513
2014
954
660
2444
1680
407
2296
1191
2108
1864
2634
1253
2919
2809
2143
1769
2688
2702
1010
339
2868
2265
1009
2028
1173
2973
308
153
1532
2272
2506
157
1130
2999
1646
1216
307
561
1490
2588
850
1267
746
1382
1560
1207
2209
2378
56
910
1391
1153
473
1414
2484
750
2023
2499
1230
1916
467
2132
1606
269
1787
2380
1653
1869
82
2842
2034
41
1923
855
869
1920
145
2617
2690
2983
1425
1685
439
2244
2163
1924
2597
2809
670
1905
187
1
1251
2904
782
2010
2972
2452
1759
1348
2350
605
1400
2121
2668
2967
191
2670
1245
2500
721
2404
772
678
1816
663
1941
2609
1400
134
2545
2043
421
1460
2691
93
2487
2046
30
218
2777
2587
2524
1258
1833
509
2873
634
157
2125
2330
2898
339
2311
716
400
2908
586
1568
190
89
1997
1905
1948
1850
1207
751
2358
672
2505
119
14
1081
196
3
2951
727
2627
758
2216
2511
1878
2723
1086
749
2746
103
1909
1577
817
1885
485
759
1124
1394
2655
619
462
2927
1668
1547
1613
2899
1807
1682
2324
1408
1154
2914
2778
1484
1231
2796
322
1719
791
1729
825
1160
2141
528
2172
1506
1214
2077
2001
2605
1018
881
1896
1267
1983
2476
1047
2180
2853
1329
688
603
1408
2000
2374
342
1463
2225
2372
493
141
994
993
2236
1024
21
2368
2813
500
1567
2022
744
264
616
988
137
268
2683
1862
1870
1336
1394
1676
216
1064
741
2734
171
1555
591
2765
2577
2533
2521
1977
1118
1882
368
24
85
290
2103
1122
1144
477
2734
1399
2452
2554
1571
13
450
307
498
2971
2717
1903
2760
2843
1870
635
1379
2506
2589
1240
2365
2002
1764
82
725
1348
2456
696
2417
2381
2103
536
2865
1141
2118
638
1500
1866
2114
1766
320
523
2041
2689
933
42
2846
1561
2323
1711
194
863
962
1189
885
1695
2896
2926
1229
899
1886
686
798
1509
500
636
1660
2881
994
2945
1726
1763
2092
363
1779
1955
1030
94
670
2364
1163
13
548
1772
1932
2611
903
1089
2263
1555
2218
2986
2743
2791
2959
1196
1990
1523
1991
1471
2114
1317
2624
1756
2868
1806
907
316
2472
1758
2733
1902
2040
1417
2730
2853
1703
1004
283
2306
314
2957
2616
811
2380
1541
1948
2858
1887
2994
2898
1728
2270
1045
1000
2109
2417
1378
1326
1353
1104
2215
861
1826
363
2716
1305
1834
1305
2621
1943
1849
2176
337
932
208
2680
1618
612
2542
2035
2645
2844
2162
1953
1034
1721
2488
1778
1852
1458
921
1877
2421
1186
2121
2560
1195
594
511
2267
1658
628
2182
1158
365
892
2514
77
334
423
1713
1952
506
2788
400
2732
233
1599
2047
960
1935
898
2902
924
1361
2024
708
1716
2115
2540
2785
2442
2490
365
2888
8
2763
1276
2501
2352
2117
732
2915
1003
1939
1196
1575
2998
2897
2873
2983
1542
422
1359
1326
333
2584
532
397
2735
2433
1090
2590
835
2008
118
645
1186
2608
2305
284
923
1809
1682
2828
1168
763
662
338
2322
1720
2263
2585
1186
240
306
2355
248
466
1912
1191
1100
2891
2249
1175
1995
2219
159
2340
2950
2725
2207
265
2168
2901
630
1015
70
2733
1310
1528
914
1617
1401
1540
2581
655
2959
442
2835
2053
2507
1883
36
1099
1588
157
1698
1319
2068
2527
2593
2536
102
1468
1534
1222
2299
427
2072
296
1560
2971
1348
208
603
547
173
2086
147
1607
1535
205
2447
947
2274
471
2244
1153
2383
1078
2083
135
2844
1078
523
1742
2731
1088
373
2577
218
1466
2280
1770
260
1529
1675
1199
1102
1195
544
1406
1223
2096
2418
1949
679
2965
608
429
2116
285
1204
1420
1407
470
1321
409
547
2559
706
1012
593
1334
1171
506
1908
1276
2334
984
1859
877
2454
2957
372
723
1218
1855
2971
1618
685
1420
54
1695
884
1616
1153
2548
2446
2779
2924
2978
2032
701
2359
1690
780
2492
2294
683
2150
2271
2850
1348
205
81
2533
1061
1614
2022
1287
1723
733
2498
1748
1485
990
2426
786
122
928
1224
1464
2978
2235
585
1321
109
919
1295
2730
590
2576
2706
2702
666
179
316
1453
2456
2339
1384
376
139
1505
1729
1410
1580
660
2932
2645
945
1977
2428
441
811
1290
280
1939
144
1185
2037
856
2250
1710
648
2214
2120
124
1754
1887
1261
1560
2799
2111
1187
541
889
1428
608
2660
1084
1856
1818
745
293
2904
1933
651
2251
2039
2816
59
947
685
1564
1003
1432
1659
1035
529
391
2736
888
263
2988
1673
1272
1190
1750
1092
124
2103
394
2503
168
684
2804
2493
1715
1252
1415
1150
2959
2702
744
1510
2767
141
1429
1895
2284
996
727
875
1861
157
1647
2371
2852
960
1270
847
2002
1798
1613
2271
616
1506
123
1717
2833
941
1644
78
1823
434
709
369
1187
2122
826
2003
626
2711
2865
1625
1754
616
1743
119
2426
1835
775
117
2387
2593
137
2159
389
795
2537
122
664
2908
96
2564
1403
1279
504
2678
2569
153
196
45
2332
874
1512
2591
1787
906
1258
1910
1876
816
1326
955
638
2355
524
2498
278
2813
1100
2386
1067
1103
1271
2707
1435
2716
2333
1930
1767
2796
199
1267
818
1400
2777
2165
1242
